+---------------------------------------------------------------------------------------------------------------------------------------------------------------------------------------------------------------------+
; Legal Partition Candidates                                                                                                                                                                                          ;
+----------------+-------+----------------+--------------+----------------+--------+-----------------+---------------+-----------------+-------+----------------+--------------+------------------+-------------------+
; Hierarchy      ; Input ; Constant Input ; Unused Input ; Floating Input ; Output ; Constant Output ; Unused Output ; Floating Output ; Bidir ; Constant Bidir ; Unused Bidir ; Input only Bidir ; Output only Bidir ;
+----------------+-------+----------------+--------------+----------------+--------+-----------------+---------------+-----------------+-------+----------------+--------------+------------------+-------------------+
; R2_Addr_inst   ; 10    ; 3              ; 0            ; 3              ; 0      ; 3               ; 3             ; 3               ; 5     ; 0              ; 0            ; 0                ; 0                 ;
; R1_Addr_inst   ; 10    ; 3              ; 0            ; 3              ; 0      ; 3               ; 3             ; 3               ; 5     ; 0              ; 0            ; 0                ; 0                 ;
; registers_inst ; 45    ; 2              ; 3            ; 2              ; 64     ; 2               ; 2             ; 2               ; 0     ; 0              ; 0            ; 0                ; 0                 ;
; DR2_inst       ; 37    ; 2              ; 0            ; 2              ; 0      ; 2               ; 2             ; 2               ; 32    ; 0              ; 0            ; 0                ; 0                 ;
; DR1_inst       ; 37    ; 2              ; 0            ; 2              ; 0      ; 2               ; 2             ; 2               ; 32    ; 0              ; 0            ; 0                ; 0                 ;
; PC_inst        ; 37    ; 1              ; 0            ; 1              ; 0      ; 1               ; 1             ; 1               ; 32    ; 0              ; 0            ; 0                ; 0                 ;
; IR_inst        ; 37    ; 3              ; 0            ; 3              ; 0      ; 3               ; 3             ; 3               ; 32    ; 0              ; 0            ; 0                ; 0                 ;
; AR_inst        ; 10    ; 3              ; 0            ; 3              ; 0      ; 3               ; 3             ; 3               ; 5     ; 0              ; 0            ; 0                ; 0                 ;
; Memory_inst    ; 39    ; 1              ; 0            ; 1              ; 32     ; 1               ; 1             ; 1               ; 0     ; 0              ; 0            ; 0                ; 0                 ;
; Bus_Mux_inst   ; 196   ; 0              ; 1            ; 0              ; 32     ; 0               ; 0             ; 0               ; 0     ; 0              ; 0            ; 0                ; 0                 ;
+----------------+-------+----------------+--------------+----------------+--------+-----------------+---------------+-----------------+-------+----------------+--------------+------------------+-------------------+
